Name,Age,HappinessLevel,UniqueId
Bob,10,50,BO4957
Charlie,20,50,CH7589
Dave,12,50,DA5233
Alice,15,50,AL3784
Bob,10,50,BO4957
Charlie,20,50,CH7589
Dave,12,50,DA5233
Ev2,8,50,EV4420
